x = [0.025,0.05,0.1,0.15,0.2,0.3,0.4,0.5,0.6,0.025,0.05,0.1,0.15,0.2,0.3,0.4,0.5,0.6,0.025,0.05,0.1,0.15,0.2,0.3,0.4,0.5,0.6,0.025,0.05,0.1,0.15,0.2,0.3,0.4,0.5,0.6,0.025,0.05,0.1,0.15,0.2,0.3,0.4,0.5,0.6,0.025,0.05,0.1,0.15,0.2,0.3,0.4,0.5,0.6,0.025,0.05,0.1,0.15,0.2,0.3,0.4,0.5,0.6,0.025,0.05,0.1,0.15,0.2,0.3,0.4,0.5,0.6,0.025,0.05,0.1,0.15,0.2,0.3,0.4,0.5,0.6,0.025,0.05,0.1,0.15,0.2,0.3,0.4,0.5,0.6,0.025,0.05,0.1,0.15,0.2,0.3,0.4,0.5,0.6];
y = [4,4,4,4,4,4,4,4,4,5,5,5,5,5,5,5,5,5,6,6,6,6,6,6,6,6,6,7,7,7,7,7,7,7,7,7,8,8,8,8,8,8,8,8,8,9,9,9,9,9,9,9,9,9,10,10,10,10,10,10,10,10,10,11,11,11,11,11,11,11,11,11,12,12,12,12,12,12,12,12,12,13,13,13,13,13,13,13,13,13,14,14,14,14,14,14,14,14,14];
q = [0.469,0.512,0.555,0.597,0.469,0.512,0.555,0.597,0.427,0.469,0.512,0.555,0.597,0.427,0.469,0.512,0.555,0.597,0.427,0.469,0.512,0.555,0.597,0.427,0.469,0.512,0.555,0.597,0.384,0.427,0.469,0.512,0.555,0.384,0.427,0.469,0.512,0.555,0.384,0.427,0.469,0.512,0.555,0.341,0.384,0.427,0.469,0.512,0.555,0.341,0.384,0.427,0.469,0.512,0.299,0.341,0.384,0.427,0.469,0.512,0.213,0.256,0.299,0.341,0.384,0.427,0.469,0.512,0.085,0.128,0.171,0.213,0.256,0.299,0.341,0.384,0.427,0.469,0.512,0.043,0.085,0.128,0.171,0.213,0.256,0.299,0.341,0.384,0.427,0.469,0.512,0.043,0.085,0.128,0.171,0.213,0.256,0.299,0.341,0.384,0.427,0.469,0.043,0.085,0.128,0.171,0.213,0.256,0.299,0.341,0.384,0.427,0.469,0.043,0.085,0.128,0.171,0.213,0.256,0.299,0.341,0.384,0.427,0.469,0.043,0.085,0.128,0.171,0.213,0.256,0.299,0.341,0.384,0.427];
z1 = [3.125,0,0,0,0,0,0,0,0,9.5,0.05125,0,0,0,0,0,0,0,17.25,1.375,0,0,0,0,0,0,0,26.875,5.75,0,0,0,0,0,0,0,36.25,12.25,0.0013,0,0,0,0,0,0,46.25,19.25,0.09,0,0,0,0,0,0,56.25,28.125,0.6875,0.0000001775,0,0,0,0,0,66.25,38.75,2.5625,0.0043125,0,0,0,0,0,76.25,48.125,6.125,0.115,0.0003625,0,0,0,0,86.25,57.5,11.25,0.7375,0.001175,0,0,0,0,95,67.5,17,2.4375,0.05125,0,0,0,0];
width = [0.19,0.19,0.19,0.19,0.19,0.19,0.19,0.19,0.19,0.19,0.19,0.19,0.19,0.19,0.19,0.19,0.19,0.19,0.19,0.19,0.19,0.19,0.19,0.19,0.19,0.19,0.19,0.19,0.19,0.19,0.19,0.19,0.19,0.19,0.19,0.19,0.19,0.19,0.19,0.19,0.19,0.19,0.19,0.19,0.19,0.19,0.19,0.19,0.19,0.19,0.19,0.19,0.19,0.19,0.19,0.19,0.19,0.19,0.19,0.19,0.19,0.19,0.19,0.19,0.19,0.19,0.19,0.19,0.19,0.19,0.19,0.19,0.19,0.19,0.19,0.19,0.19,0.19,0.19,0.19,0.19,0.19,0.19,0.19,0.19,0.19,0.19,0.19,0.19,0.19,0.19,0.19,0.19,0.19,0.19,0.19,0.19,0.19,0.19,0.19,0.19,0.19,0.19,0.19,0.19,0.19,0.19,0.19,0.19,0.19,0.19,0.19,0.19,0.19,0.19,0.19,0.19,0.19,0.19,0.19,0.19,0.19,0.19,0.19,0.19,0.19,0.19,0.19,0.19,0.19,0.19,0.19,0.19,0.19];
diameter = [0.165,0.165,0.165,0.165,0.165,0.165,0.165,0.165,0.165,0.165,0.165,0.165,0.165,0.165,0.165,0.165,0.165,0.165,0.165,0.165,0.165,0.165,0.165,0.165,0.165,0.165,0.165,0.165,0.165,0.165,0.165,0.165,0.165,0.165,0.165,0.165,0.165,0.165,0.165,0.165,0.165,0.165,0.165,0.165,0.165,0.165,0.165,0.165,0.165,0.165,0.165,0.165,0.165,0.165,0.165,0.165,0.165,0.165,0.165,0.165,0.165,0.165,0.165,0.165,0.165,0.165,0.165,0.165,0.165,0.165,0.165,0.165,0.165,0.165,0.165,0.165,0.165,0.165,0.165,0.165,0.165,0.165,0.165,0.165,0.165,0.165,0.165,0.165,0.165,0.165,0.165,0.165,0.165,0.165,0.165,0.165,0.165,0.165,0.165,0.165,0.165,0.165,0.165,0.165,0.165,0.165,0.165,0.165,0.165,0.165,0.165,0.165,0.165,0.165,0.165,0.165,0.165,0.165,0.165,0.165,0.165,0.165,0.165,0.165,0.165,0.165,0.165,0.165,0.165,0.165,0.165,0.165,0.165,0.165];
newwidth = [0.112,0.112,0.112,0.112,0.112,0.112,0.112,0.112,0.112,0.112,0.112,0.112,0.112,0.112,0.112,0.112,0.112,0.112,0.112,0.112,0.112,0.112,0.112,0.112,0.112,0.112,0.112,0.112,0.112,0.112,0.112,0.112,0.112,0.112,0.112,0.112,0.112,0.112,0.112,0.112,0.112,0.112,0.112,0.112,0.112,0.112,0.112,0.112,0.112,0.112,0.112,0.112,0.112,0.112,0.112,0.112,0.112,0.112,0.112,0.112,0.112,0.112,0.112,0.112,0.112,0.112,0.112,0.112,0.112,0.112,0.112,0.112,0.112,0.112,0.112,0.112,0.112,0.112,0.112,0.112,0.112,0.112,0.112,0.112,0.112,0.112,0.112,0.112,0.112,0.112,0.112,0.112,0.112,0.112,0.112,0.112,0.112,0.112,0.112];
newdiameter = [0.1,0.1,0.1,0.1,0.1,0.1,0.1,0.1,0.1,0.1,0.1,0.1,0.1,0.1,0.1,0.1,0.1,0.1,0.1,0.1,0.1,0.1,0.1,0.1,0.1,0.1,0.1,0.1,0.1,0.1,0.1,0.1,0.1,0.1,0.1,0.1,0.1,0.1,0.1,0.1,0.1,0.1,0.1,0.1,0.1,0.1,0.1,0.1,0.1,0.1,0.1,0.1,0.1,0.1,0.1,0.1,0.1,0.1,0.1,0.1,0.1,0.1,0.1,0.1,0.1,0.1,0.1,0.1,0.1,0.1,0.1,0.1,0.1,0.1,0.1,0.1,0.1,0.1,0.1,0.1,0.1,0.1,0.1,0.1,0.1,0.1,0.1,0.1,0.1,0.1,0.1,0.1,0.1,0.1,0.1,0.1,0.1,0.1,0.1]; 
press = 1000*[0.013,0.013,0.013,0.013,0.012,0.012,0.012,0.012,0.012,0.012,0.012,0.012,0.012,0.011,0.011,0.011,0.011,0.011,0.01,0.01,0.01,0.01,0.01,0.01,0.01,0.01,0.01,0.01,0.009,0.009,0.009,0.009,0.009,0.008,0.008,0.008,0.008,0.008,0.008,0.008,0.008,0.008,0.008,0.007,0.007,0.007,0.007,0.007,0.007,0.006,0.006,0.006,0.006,0.006,0.006,0.006,0.006,0.006,0.006,0.006,0.005,0.005,0.005,0.005,0.005,0.005,0.005,0.005,0.004,0.004,0.004,0.004,0.004,0.004,0.004,0.004,0.004,0.004,0.004,0.0037,0.0037,0.0037,0.0037,0.0037,0.0037,0.0037,0.0037,0.0037,0.0037,0.0037,0.0037,0.003,0.003,0.003,0.003,0.003,0.003,0.003,0.003,0.003,0.003,0.003,0.0023,0.0023,0.0023,0.0023,0.0023,0.0023,0.0023,0.0023,0.0023,0.0023,0.0023,0.0017,0.0017,0.0017,0.0017,0.0017,0.0017,0.0017,0.0017,0.0017,0.0017,0.0017,0.001,0.001,0.001,0.001,0.001,0.001,0.001,0.001,0.001,0.001];
newpress = 0.926966292135 * press;
e = [0.025,0.05,0.1,0.15,0.2,0.3,0.4,0.5,0.6,0.025,0.05,0.1,0.15,0.2,0.3,0.4,0.5,0.6,0.025,0.05,0.1,0.15,0.2,0.3,0.4,0.5,0.6,0.025,0.05,0.1,0.15,0.2,0.3,0.4,0.5,0.6,0.025,0.05,0.1,0.15,0.2,0.3,0.4,0.5,0.6,0.025,0.05,0.1,0.15,0.2,0.3,0.4,0.5,0.6,0.025,0.05,0.1,0.15,0.2,0.3,0.4,0.5,0.6,0.025,0.05,0.1,0.15,0.2,0.3,0.4,0.5,0.6,0.025,0.05,0.1,0.15,0.2,0.3,0.4,0.5,0.6,0.025,0.05,0.1,0.15,0.2,0.3,0.4,0.5,0.6,0.025,0.05,0.1,0.15,0.2,0.3,0.4,0.5,0.6,0.469,0.512,0.555,0.597,0.469,0.512,0.555,0.597,0.427,0.469,0.512,0.555,0.597,0.427,0.469,0.512,0.555,0.597,0.427,0.469,0.512,0.555,0.597,0.427,0.469,0.512,0.555,0.597,0.384,0.427,0.469,0.512,0.555,0.384,0.427,0.469,0.512,0.555,0.384,0.427,0.469,0.512,0.555,0.341,0.384,0.427,0.469,0.512,0.555,0.341,0.384,0.427,0.469,0.512,0.299,0.341,0.384,0.427,0.469,0.512,0.213,0.256,0.299,0.341,0.384,0.427,0.469,0.512,0.085,0.128,0.171,0.213,0.256,0.299,0.341,0.384,0.427,0.469,0.512,0.043,0.085,0.128,0.171,0.213,0.256,0.299,0.341,0.384,0.427,0.469,0.512,0.043,0.085,0.128,0.171,0.213,0.256,0.299,0.341,0.384,0.427,0.469,0.043,0.085,0.128,0.171,0.213,0.256,0.299,0.341,0.384,0.427,0.469,0.043,0.085,0.128,0.171,0.213,0.256,0.299,0.341,0.384,0.427,0.469,0.043,0.085,0.128,0.171,0.213,0.256,0.299,0.341,0.384,0.427];
r = [4,4,4,4,4,4,4,4,4,5,5,5,5,5,5,5,5,5,6,6,6,6,6,6,6,6,6,7,7,7,7,7,7,7,7,7,8,8,8,8,8,8,8,8,8,9,9,9,9,9,9,9,9,9,10,10,10,10,10,10,10,10,10,11,11,11,11,11,11,11,11,11,12,12,12,12,12,12,12,12,12,13,13,13,13,13,13,13,13,13,14,14,14,14,14,14,14,14,14,0.013,0.013,0.013,0.013,0.012,0.012,0.012,0.012,0.012,0.012,0.012,0.012,0.012,0.011,0.011,0.011,0.011,0.011,0.01,0.01,0.01,0.01,0.01,0.01,0.01,0.01,0.01,0.01,0.009,0.009,0.009,0.009,0.009,0.008,0.008,0.008,0.008,0.008,0.008,0.008,0.008,0.008,0.008,0.007,0.007,0.007,0.007,0.007,0.007,0.006,0.006,0.006,0.006,0.006,0.006,0.006,0.006,0.006,0.006,0.006,0.005,0.005,0.005,0.005,0.005,0.005,0.005,0.005,0.004,0.004,0.004,0.004,0.004,0.004,0.004,0.004,0.004,0.004,0.004,0.0037,0.0037,0.0037,0.0037,0.0037,0.0037,0.0037,0.0037,0.0037,0.0037,0.0037,0.0037,0.003,0.003,0.003,0.003,0.003,0.003,0.003,0.003,0.003,0.003,0.003,0.0023,0.0023,0.0023,0.0023,0.0023,0.0023,0.0023,0.0023,0.0023,0.0023,0.0023,0.0017,0.0017,0.0017,0.0017,0.0017,0.0017,0.0017,0.0017,0.0017,0.0017,0.0017,0.001,0.001,0.001,0.001,0.001,0.001,0.001,0.001,0.001,0.001];
