% %99cases
% x = [0.025,0.05,0.1,0.15,0.2,0.3,0.4,0.5,0.6,0.025,0.05,0.1,0.15,0.2,0.3,0.4,0.5,0.6,0.025,0.05,0.1,0.15,0.2,0.3,0.4,0.5,0.6,0.025,0.05,0.1,0.15,0.2,0.3,0.4,0.5,0.6,0.025,0.05,0.1,0.15,0.2,0.3,0.4,0.5,0.6,0.025,0.05,0.1,0.15,0.2,0.3,0.4,0.5,0.6,0.025,0.05,0.1,0.15,0.2,0.3,0.4,0.5,0.6,0.025,0.05,0.1,0.15,0.2,0.3,0.4,0.5,0.6,0.025,0.05,0.1,0.15,0.2,0.3,0.4,0.5,0.6,0.025,0.05,0.1,0.15,0.2,0.3,0.4,0.5,0.6,0.025,0.05,0.1,0.15,0.2,0.3,0.4,0.5,0.6];
% y = [4,4,4,4,4,4,4,4,4,5,5,5,5,5,5,5,5,5,6,6,6,6,6,6,6,6,6,7,7,7,7,7,7,7,7,7,8,8,8,8,8,8,8,8,8,9,9,9,9,9,9,9,9,9,10,10,10,10,10,10,10,10,10,11,11,11,11,11,11,11,11,11,12,12,12,12,12,12,12,12,12,13,13,13,13,13,13,13,13,13,14,14,14,14,14,14,14,14,14];
% z2 = [32.5,22.5,17,15.5,15,14.5,13.5,12,13,42.5,30,22.5,20,19,18,16.5,16.5,16,46.25,36.25,27.5,23.75,22.5,21.25,20,20.5,19.5,52.5,41.25,32.5,28.75,27.5,25,22.125,21.875,22.5,60,50,37.5,33.75,31.25,28.125,26.25,37.5,25.625,70,57.5,43.75,38.75,35,31.875,29.375,28.125,28.75,80,66.25,50,43.75,40,36.25,32.5,31.25,31.25,90,75,57.5,50,45,40,36.25,34.375,35,100,82.5,63.75,53.75,48.75,43.75,40.5,37.5,36.25,105,90,70,60,52.5,48.75,43.75,40,40,110,95,75,65,57.5,52.5,46.25,43.125,42.5];
% S = [0.04,0.04,0.1,0.1,0.04,0.1,0.1,0.1,0.04,0.1,0.1,0.1,0.1,0.04,0.1,0.1,0.1,0.1,0.1,0.1,0.1,0.1,0.1,0.1,0.1,0.1,0.1,0.1,0.1,0.1,0.1,0.1,0.1,0.1,0.1,0.1,0.1,0.1,0.1,0.1,0.1,0.1,0.1,0.1,0.1,0.1,0.1,0.1,0.1,0.1,0.1,0.1,0.1,0.1,0.1,0.1,0.1,0.1,0.1,0.1,0.1,0.1,0.1,0.1,0.1,0.1,0.1,0.1,0.02,0.03,0.04,0.1,0.1,0.1,0.1,0.1,0.1,0.1,0.1,0.01,0.03,0.04,0.1,0.1,0.1,0.1,0.1,0.1,0.1,0.1,0.2,0.02,0.03,0.1,0.1,0.1,0.1,0.1,0.1,0.1,0.2,0.2,0.02,0.04,0.1,0.1,0.1,0.1,0.1,0.2,0.2,0.2,0.2,0.03,0.1,0.1,0.1,0.2,0.2,0.2,0.2,0.3,0.3,0.3,0.1,0.1,0.2,0.2,0.2,0.3,0.3,0.4,0.4,0.5];
% SG = [0.4,0.9,1.7,2.2,3.2,4.7,5.9,6.9,8.8,0.4,0.7,1.3,1.9,2.6,3.9,4.7,5.8,7.3,0.3,0.6,1.1,1.6,2.1,3.2,3.9,4.9,6.1,0.3,0.5,0.9,1.4,1.9,2.8,3.4,4.3,5.3,0.2,0.4,0.9,1.2,1.6,2.5,2.9,3.8,4.7,0.2,0.4,0.7,1.1,1.4,2.2,2.6,3.4,4.2,0.2,0.3,0.7,1,1.3,1.9,2.4,3.1,3.9,0.2,0.3,0.6,0.9,1.2,1.8,2.2,2.9,3.5,0.2,0.3,0.6,0.8,1.1,1.6,1.9,2.6,3.2,0.1,0.3,0.5,0.8,1,1.5,1.9,2.5,2.9,0.1,0.3,0.5,0.7,0.9,1.4,1.7,2.2,2.8];
% % Reshape data for 3D plotting
% x_vals = reshape(q, 9, [])';
% y_vals = reshape(press, 9, [])';
% z_vals = reshape(POFPv6, 9, [])';
MOFTv6 = [0.0896960200000000,0.0897199880000000,0.0897374230000000,0.0897526670000000,0.0897100570000000,0.0897323270000000,0.0897486880000000,0.0897630010000000,0.0896922870000000,0.0897239150000000,0.0897447170000000,0.0897599830000000,0.0897733640000000,0.0897085150000000,0.0897376610000000,0.0897571590000000,0.0897713380000000,0.0897837730000000,0.0897247050000000,0.0897514600000000,0.0897696320000000,0.0897827220000000,0.0897942330000000,0.0897408570000000,0.0897652950000000,0.0897821340000000,0.0897941370000000,0.0898047540000000,0.0897272080000000,0.0897569360000000,0.0897791980000000,0.0897946800000000,0.0898055880000000,0.0897461770000000,0.0897727240000000,0.0897931900000000,0.0898072870000000,0.0898170920000000,0.0897649750000000,0.0897884440000000,0.0898072270000000,0.0898199300000000,0.0898286630000000,0.0897581060000000,0.0897836540000000,0.0898042320000000,0.0898213090000000,0.0898326110000000,0.0898402780000000,0.0897801670000000,0.0898022200000000,0.0898201470000000,0.0898354870000000,0.0898453590000000,0.0897697430000000,0.0898021910000000,0.0898203250000000,0.0898361730000000,0.0898497250000000,0.0898581670000000,0.0897015180000000,0.0897545290000000,0.0897960510000000,0.0898239990000000,0.0898383780000000,0.0898522880000000,0.0898640230000000,0.0898710340000000,0.0893071670000000,0.0895516650000000,0.0896717160000000,0.0897402910000000,0.0897862690000000,0.0898224260000000,0.0898455380000000,0.0898565950000000,0.0898685680000000,0.0898784180000000,0.0898840200000000,0.0888061970000000,0.0894121300000000,0.0896202770000000,0.0897222010000000,0.0897792280000000,0.0898182240000000,0.0898488240000000,0.0898664820000000,0.0898749830000000,0.0898849440000000,0.0898928940000000,0.0898971110000000,0.0890169370000000,0.0895178170000000,0.0896892550000000,0.0897726860000000,0.0898183810000000,0.0898503290000000,0.0898749680000000,0.0898872390000000,0.0898936020000000,0.0899015070000000,0.0899075050000000,0.0892304550000000,0.0896242780000000,0.0897585680000000,0.0898226800000000,0.0898577940000000,0.0898826200000000,0.0899004120000000,0.0899082420000000,0.0899124440000000,0.0899182330000000,0.0899223610000000,0.0894469020000000,0.0897315520000000,0.0898282300000000,0.0898728520000000,0.0898975510000000,0.0899147240000000,0.0899252300000000,0.0899295360000000,0.0899316000000000,0.0899352730000000,0.0899377240000000,0.0896663370000000,0.0898396150000000,0.0898981760000000,0.0899232100000000,0.0899378060000000,0.0899451520000000,0.0899506660000000,0.0899511650000000,0.0899512990000000,0.0899533480000000];
PASPv6 = [71.3251800000000,69.5466690000000,67.7200160000000,65.9987490000000,66.3156200000000,64.5885700000000,62.9598770000000,61.3295060000000,62.8151970000000,61.1880340000000,59.5569570000000,58.0356830000000,56.4525260000000,57.5184860000000,55.9361760000000,54.3939630000000,52.9164700000000,51.3929860000000,52.1263050000000,50.5743410000000,49.0649410000000,47.6127010000000,46.1082730000000,46.6594200000000,45.2364390000000,43.7380940000000,42.1906550000000,40.6781730000000,42.5252380000000,41.1426470000000,39.7340890000000,38.2592620000000,36.7336730000000,36.7822720000000,35.4738120000000,34.0613330000000,32.5973360000000,31.1903690000000,30.9939590000000,29.7202150000000,28.3995210000000,27.0551220000000,25.6742020000000,26.3896450000000,25.3303570000000,24.1754860000000,22.9069820000000,21.5732880000000,20.1848550000000,24.2815820000000,21.3744910000000,19.4249290000000,17.9126000000000,16.5310860000000,27.1439380000000,23.2536160000000,20.6819400000000,18.8513110000000,17.2909430000000,15.8416590000000,36.9722710000000,29.5602000000000,24.5547520000000,21.3280510000000,19.1706100000000,17.3622170000000,15.7346810000000,14.1096800000000,67.7961120000000,52.4068980000000,40.7091980000000,31.8230690000000,25.6182690000000,22.7103520000000,20.6229420000000,18.6414600000000,16.6074620000000,14.5670710000000,12.7633100000000,80.1649700000000,59.6934170000000,46.0041620000000,35.3451040000000,28.4396670000000,24.4607660000000,21.8289810000000,19.3198450000000,16.8222730000000,14.4728750000000,12.8063350000000,11.1150310000000,66.9714130000000,50.3339310000000,38.4719960000000,29.6040950000000,24.2619020000000,20.7579460000000,17.6477030000000,15.0170240000000,12.9128880000000,10.8793850000000,8.71708580000000,52.3734820000000,39.6602170000000,29.2445660000000,22.8018320000000,18.8978580000000,15.9112570000000,12.8461420000000,9.98554040000000,7.13969760000000,4.38641550000000,2.21809340000000,37.9471090000000,27.6452560000000,20.7710990000000,16.6208860000000,12.8062510000000,9.35846810000000,5.63767580000000,2.32698540000000,0.571161930000000,0.0599216970000000,0.00167886670000000,23.5778900000000,15.6815060000000,10.7348870000000,6.19164750000000,1.83824840000000,0.108328040000000,6.55592450000000e-05,0,0,0];
